testing/T010_planar_beach/planar_beach.dem.ascii
ncols		40																															
nrows 		121																																	
xllcorner	0.000																																						
yllcorner 	0.000																																						
cellsize	50.000																																						
NODATA_value	-9999																																						
[rows 0 to 65 of 121, columns 0 to 39 of 40]
0.000 0.000 0.000 0.000 0.000 0.000 0.000 0.000 0.000 0.000 0.000 0.000 0.000 0.000 0.000 0.000 0.000 0.000 0.000 0.000 0.000 0.000 0.000 0.000 0.000 0.000 0.000 0.000 0.000 0.000 0.000 0.000 0.000 0.000 0.000 0.000 0.000 0.000 0.000 0.000
0.008 0.008 0.008 0.008 0.008 0.008 0.008 0.008 0.008 0.008 0.008 0.008 0.008 0.008 0.008 0.008 0.008 0.008 0.008 0.008 0.008 0.008 0.008 0.008 0.008 0.008 0.008 0.008 0.008 0.008 0.008 0.008 0.008 0.008 0.008 0.008 0.008 0.008 0.008 0.008
0.017 0.017 0.017 0.017 0.017 0.017 0.017 0.017 0.017 0.017 0.017 0.017 0.017 0.017 0.017 0.017 0.017 0.017 0.017 0.017 0.017 0.017 0.017 0.017 0.017 0.017 0.017 0.017 0.017 0.017 0.017 0.017 0.017 0.017 0.017 0.017 0.017 0.017 0.017 0.017
0.025 0.025 0.025 0.025 0.025 0.025 0.025 0.025 0.025 0.025 0.025 0.025 0.025 0.025 0.025 0.025 0.025 0.025 0.025 0.025 0.025 0.025 0.025 0.025 0.025 0.025 0.025 0.025 0.025 0.025 0.025 0.025 0.025 0.025 0.025 0.025 0.025 0.025 0.025 0.025
0.033 0.033 0.033 0.033 0.033 0.033 0.033 0.033 0.033 0.033 0.033 0.033 0.033 0.033 0.033 0.033 0.033 0.033 0.033 0.033 0.033 0.033 0.033 0.033 0.033 0.033 0.033 0.033 0.033 0.033 0.033 0.033 0.033 0.033 0.033 0.033 0.033 0.033 0.033 0.033
0.042 0.042 0.042 0.042 0.042 0.042 0.042 0.042 0.042 0.042 0.042 0.042 0.042 0.042 0.042 0.042 0.042 0.042 0.042 0.042 0.042 0.042 0.042 0.042 0.042 0.042 0.042 0.042 0.042 0.042 0.042 0.042 0.042 0.042 0.042 0.042 0.042 0.042 0.042 0.042
0.050 0.050 0.050 0.050 0.050 0.050 0.050 0.050 0.050 0.050 0.050 0.050 0.050 0.050 0.050 0.050 0.050 0.050 0.050 0.050 0.050 0.050 0.050 0.050 0.050 0.050 0.050 0.050 0.050 0.050 0.050 0.050 0.050 0.050 0.050 0.050 0.050 0.050 0.050 0.050
0.058 0.058 0.058 0.058 0.058 0.058 0.058 0.058 0.058 0.058 0.058 0.058 0.058 0.058 0.058 0.058 0.058 0.058 0.058 0.058 0.058 0.058 0.058 0.058 0.058 0.058 0.058 0.058 0.058 0.058 0.058 0.058 0.058 0.058 0.058 0.058 0.058 0.058 0.058 0.058
0.067 0.067 0.067 0.067 0.067 0.067 0.067 0.067 0.067 0.067 0.067 0.067 0.067 0.067 0.067 0.067 0.067 0.067 0.067 0.067 0.067 0.067 0.067 0.067 0.067 0.067 0.067 0.067 0.067 0.067 0.067 0.067 0.067 0.067 0.067 0.067 0.067 0.067 0.067 0.067
0.075 0.075 0.075 0.075 0.075 0.075 0.075 0.075 0.075 0.075 0.075 0.075 0.075 0.075 0.075 0.075 0.075 0.075 0.075 0.075 0.075 0.075 0.075 0.075 0.075 0.075 0.075 0.075 0.075 0.075 0.075 0.075 0.075 0.075 0.075 0.075 0.075 0.075 0.075 0.075
0.083 0.083 0.083 0.083 0.083 0.083 0.083 0.083 0.083 0.083 0.083 0.083 0.083 0.083 0.083 0.083 0.083 0.083 0.083 0.083 0.083 0.083 0.083 0.083 0.083 0.083 0.083 0.083 0.083 0.083 0.083 0.083 0.083 0.083 0.083 0.083 0.083 0.083 0.083 0.083
0.092 0.092 0.092 0.092 0.092 0.092 0.092 0.092 0.092 0.092 0.092 0.092 0.092 0.092 0.092 0.092 0.092 0.092 0.092 0.092 0.092 0.092 0.092 0.092 0.092 0.092 0.092 0.092 0.092 0.092 0.092 0.092 0.092 0.092 0.092 0.092 0.092 0.092 0.092 0.092
0.100 0.100 0.100 0.100 0.100 0.100 0.100 0.100 0.100 0.100 0.100 0.100 0.100 0.100 0.100 0.100 0.100 0.100 0.100 0.100 0.100 0.100 0.100 0.100 0.100 0.100 0.100 0.100 0.100 0.100 0.100 0.100 0.100 0.100 0.100 0.100 0.100 0.100 0.100 0.100
0.108 0.108 0.108 0.108 0.108 0.108 0.108 0.108 0.108 0.108 0.108 0.108 0.108 0.108 0.108 0.108 0.108 0.108 0.108 0.108 0.108 0.108 0.108 0.108 0.108 0.108 0.108 0.108 0.108 0.108 0.108 0.108 0.108 0.108 0.108 0.108 0.108 0.108 0.108 0.108
0.117 0.117 0.117 0.117 0.117 0.117 0.117 0.117 0.117 0.117 0.117 0.117 0.117 0.117 0.117 0.117 0.117 0.117 0.117 0.117 0.117 0.117 0.117 0.117 0.117 0.117 0.117 0.117 0.117 0.117 0.117 0.117 0.117 0.117 0.117 0.117 0.117 0.117 0.117 0.117
0.125 0.125 0.125 0.125 0.125 0.125 0.125 0.125 0.125 0.125 0.125 0.125 0.125 0.125 0.125 0.125 0.125 0.125 0.125 0.125 0.125 0.125 0.125 0.125 0.125 0.125 0.125 0.125 0.125 0.125 0.125 0.125 0.125 0.125 0.125 0.125 0.125 0.125 0.125 0.125
0.133 0.133 0.133 0.133 0.133 0.133 0.133 0.133 0.133 0.133 0.133 0.133 0.133 0.133 0.133 0.133 0.133 0.133 0.133 0.133 0.133 0.133 0.133 0.133 0.133 0.133 0.133 0.133 0.133 0.133 0.133 0.133 0.133 0.133 0.133 0.133 0.133 0.133 0.133 0.133
0.142 0.142 0.142 0.142 0.142 0.142 0.142 0.142 0.142 0.142 0.142 0.142 0.142 0.142 0.142 0.142 0.142 0.142 0.142 0.142 0.142 0.142 0.142 0.142 0.142 0.142 0.142 0.142 0.142 0.142 0.142 0.142 0.142 0.142 0.142 0.142 0.142 0.142 0.142 0.142
0.150 0.150 0.150 0.150 0.150 0.150 0.150 0.150 0.150 0.150 0.150 0.150 0.150 0.150 0.150 0.150 0.150 0.150 0.150 0.150 0.150 0.150 0.150 0.150 0.150 0.150 0.150 0.150 0.150 0.150 0.150 0.150 0.150 0.150 0.150 0.150 0.150 0.150 0.150 0.150
0.158 0.158 0.158 0.158 0.158 0.158 0.158 0.158 0.158 0.158 0.158 0.158 0.158 0.158 0.158 0.158 0.158 0.158 0.158 0.158 0.158 0.158 0.158 0.158 0.158 0.158 0.158 0.158 0.158 0.158 0.158 0.158 0.158 0.158 0.158 0.158 0.158 0.158 0.158 0.158
0.167 0.167 0.167 0.167 0.167 0.167 0.167 0.167 0.167 0.167 0.167 0.167 0.167 0.167 0.167 0.167 0.167 0.167 0.167 0.167 0.167 0.167 0.167 0.167 0.167 0.167 0.167 0.167 0.167 0.167 0.167 0.167 0.167 0.167 0.167 0.167 0.167 0.167 0.167 0.167
0.175 0.175 0.175 0.175 0.175 0.175 0.175 0.175 0.175 0.175 0.175 0.175 0.175 0.175 0.175 0.175 0.175 0.175 0.175 0.175 0.175 0.175 0.175 0.175 0.175 0.175 0.175 0.175 0.175 0.175 0.175 0.175 0.175 0.175 0.175 0.175 0.175 0.175 0.175 0.175
0.183 0.183 0.183 0.183 0.183 0.183 0.183 0.183 0.183 0.183 0.183 0.183 0.183 0.183 0.183 0.183 0.183 0.183 0.183 0.183 0.183 0.183 0.183 0.183 0.183 0.183 0.183 0.183 0.183 0.183 0.183 0.183 0.183 0.183 0.183 0.183 0.183 0.183 0.183 0.183
0.192 0.192 0.192 0.192 0.192 0.192 0.192 0.192 0.192 0.192 0.192 0.192 0.192 0.192 0.192 0.192 0.192 0.192 0.192 0.192 0.192 0.192 0.192 0.192 0.192 0.192 0.192 0.192 0.192 0.192 0.192 0.192 0.192 0.192 0.192 0.192 0.192 0.192 0.192 0.192
0.200 0.200 0.200 0.200 0.200 0.200 0.200 0.200 0.200 0.200 0.200 0.200 0.200 0.200 0.200 0.200 0.200 0.200 0.200 0.200 0.200 0.200 0.200 0.200 0.200 0.200 0.200 0.200 0.200 0.200 0.200 0.200 0.200 0.200 0.200 0.200 0.200 0.200 0.200 0.200
0.208 0.208 0.208 0.208 0.208 0.208 0.208 0.208 0.208 0.208 0.208 0.208 0.208 0.208 0.208 0.208 0.208 0.208 0.208 0.208 0.208 0.208 0.208 0.208 0.208 0.208 0.208 0.208 0.208 0.208 0.208 0.208 0.208 0.208 0.208 0.208 0.208 0.208 0.208 0.208
0.217 0.217 0.217 0.217 0.217 0.217 0.217 0.217 0.217 0.217 0.217 0.217 0.217 0.217 0.217 0.217 0.217 0.217 0.217 0.217 0.217 0.217 0.217 0.217 0.217 0.217 0.217 0.217 0.217 0.217 0.217 0.217 0.217 0.217 0.217 0.217 0.217 0.217 0.217 0.217
0.225 0.225 0.225 0.225 0.225 0.225 0.225 0.225 0.225 0.225 0.225 0.225 0.225 0.225 0.225 0.225 0.225 0.225 0.225 0.225 0.225 0.225 0.225 0.225 0.225 0.225 0.225 0.225 0.225 0.225 0.225 0.225 0.225 0.225 0.225 0.225 0.225 0.225 0.225 0.225
0.233 0.233 0.233 0.233 0.233 0.233 0.233 0.233 0.233 0.233 0.233 0.233 0.233 0.233 0.233 0.233 0.233 0.233 0.233 0.233 0.233 0.233 0.233 0.233 0.233 0.233 0.233 0.233 0.233 0.233 0.233 0.233 0.233 0.233 0.233 0.233 0.233 0.233 0.233 0.233
0.242 0.242 0.242 0.242 0.242 0.242 0.242 0.242 0.242 0.242 0.242 0.242 0.242 0.242 0.242 0.242 0.242 0.242 0.242 0.242 0.242 0.242 0.242 0.242 0.242 0.242 0.242 0.242 0.242 0.242 0.242 0.242 0.242 0.242 0.242 0.242 0.242 0.242 0.242 0.242
0.250 0.250 0.250 0.250 0.250 0.250 0.250 0.250 0.250 0.250 0.250 0.250 0.250 0.250 0.250 0.250 0.250 0.250 0.250 0.250 0.250 0.250 0.250 0.250 0.250 0.250 0.250 0.250 0.250 0.250 0.250 0.250 0.250 0.250 0.250 0.250 0.250 0.250 0.250 0.250
0.258 0.258 0.258 0.258 0.258 0.258 0.258 0.258 0.258 0.258 0.258 0.258 0.258 0.258 0.258 0.258 0.258 0.258 0.258 0.258 0.258 0.258 0.258 0.258 0.258 0.258 0.258 0.258 0.258 0.258 0.258 0.258 0.258 0.258 0.258 0.258 0.258 0.258 0.258 0.258
0.267 0.267 0.267 0.267 0.267 0.267 0.267 0.267 0.267 0.267 0.267 0.267 0.267 0.267 0.267 0.267 0.267 0.267 0.267 0.267 0.267 0.267 0.267 0.267 0.267 0.267 0.267 0.267 0.267 0.267 0.267 0.267 0.267 0.267 0.267 0.267 0.267 0.267 0.267 0.267
0.275 0.275 0.275 0.275 0.275 0.275 0.275 0.275 0.275 0.275 0.275 0.275 0.275 0.275 0.275 0.275 0.275 0.275 0.275 0.275 0.275 0.275 0.275 0.275 0.275 0.275 0.275 0.275 0.275 0.275 0.275 0.275 0.275 0.275 0.275 0.275 0.275 0.275 0.275 0.275
0.283 0.283 0.283 0.283 0.283 0.283 0.283 0.283 0.283 0.283 0.283 0.283 0.283 0.283 0.283 0.283 0.283 0.283 0.283 0.283 0.283 0.283 0.283 0.283 0.283 0.283 0.283 0.283 0.283 0.283 0.283 0.283 0.283 0.283 0.283 0.283 0.283 0.283 0.283 0.283
0.292 0.292 0.292 0.292 0.292 0.292 0.292 0.292 0.292 0.292 0.292 0.292 0.292 0.292 0.292 0.292 0.292 0.292 0.292 0.292 0.292 0.292 0.292 0.292 0.292 0.292 0.292 0.292 0.292 0.292 0.292 0.292 0.292 0.292 0.292 0.292 0.292 0.292 0.292 0.292
0.300 0.300 0.300 0.300 0.300 0.300 0.300 0.300 0.300 0.300 0.300 0.300 0.300 0.300 0.300 0.300 0.300 0.300 0.300 0.300 0.300 0.300 0.300 0.300 0.300 0.300 0.300 0.300 0.300 0.300 0.300 0.300 0.300 0.300 0.300 0.300 0.300 0.300 0.300 0.300
0.308 0.308 0.308 0.308 0.308 0.308 0.308 0.308 0.308 0.308 0.308 0.308 0.308 0.308 0.308 0.308 0.308 0.308 0.308 0.308 0.308 0.308 0.308 0.308 0.308 0.308 0.308 0.308 0.308 0.308 0.308 0.308 0.308 0.308 0.308 0.308 0.308 0.308 0.308 0.308
0.317 0.317 0.317 0.317 0.317 0.317 0.317 0.317 0.317 0.317 0.317 0.317 0.317 0.317 0.317 0.317 0.317 0.317 0.317 0.317 0.317 0.317 0.317 0.317 0.317 0.317 0.317 0.317 0.317 0.317 0.317 0.317 0.317 0.317 0.317 0.317 0.317 0.317 0.317 0.317
0.325 0.325 0.325 0.325 0.325 0.325 0.325 0.325 0.325 0.325 0.325 0.325 0.325 0.325 0.325 0.325 0.325 0.325 0.325 0.325 0.325 0.325 0.325 0.325 0.325 0.325 0.325 0.325 0.325 0.325 0.325 0.325 0.325 0.325 0.325 0.325 0.325 0.325 0.325 0.325
0.333 0.333 0.333 0.333 0.333 0.333 0.333 0.333 0.333 0.333 0.333 0.333 0.333 0.333 0.333 0.333 0.333 0.333 0.333 0.333 0.333 0.333 0.333 0.333 0.333 0.333 0.333 0.333 0.333 0.333 0.333 0.333 0.333 0.333 0.333 0.333 0.333 0.333 0.333 0.333
0.342 0.342 0.342 0.342 0.342 0.342 0.342 0.342 0.342 0.342 0.342 0.342 0.342 0.342 0.342 0.342 0.342 0.342 0.342 0.342 0.342 0.342 0.342 0.342 0.342 0.342 0.342 0.342 0.342 0.342 0.342 0.342 0.342 0.342 0.342 0.342 0.342 0.342 0.342 0.342
0.350 0.350 0.350 0.350 0.350 0.350 0.350 0.350 0.350 0.350 0.350 0.350 0.350 0.350 0.350 0.350 0.350 0.350 0.350 0.350 0.350 0.350 0.350 0.350 0.350 0.350 0.350 0.350 0.350 0.350 0.350 0.350 0.350 0.350 0.350 0.350 0.350 0.350 0.350 0.350
0.358 0.358 0.358 0.358 0.358 0.358 0.358 0.358 0.358 0.358 0.358 0.358 0.358 0.358 0.358 0.358 0.358 0.358 0.358 0.358 0.358 0.358 0.358 0.358 0.358 0.358 0.358 0.358 0.358 0.358 0.358 0.358 0.358 0.358 0.358 0.358 0.358 0.358 0.358 0.358
0.367 0.367 0.367 0.367 0.367 0.367 0.367 0.367 0.367 0.367 0.367 0.367 0.367 0.367 0.367 0.367 0.367 0.367 0.367 0.367 0.367 0.367 0.367 0.367 0.367 0.367 0.367 0.367 0.367 0.367 0.367 0.367 0.367 0.367 0.367 0.367 0.367 0.367 0.367 0.367
0.375 0.375 0.375 0.375 0.375 0.375 0.375 0.375 0.375 0.375 0.375 0.375 0.375 0.375 0.375 0.375 0.375 0.375 0.375 0.375 0.375 0.375 0.375 0.375 0.375 0.375 0.375 0.375 0.375 0.375 0.375 0.375 0.375 0.375 0.375 0.375 0.375 0.375 0.375 0.375
0.383 0.383 0.383 0.383 0.383 0.383 0.383 0.383 0.383 0.383 0.383 0.383 0.383 0.383 0.383 0.383 0.383 0.383 0.383 0.383 0.383 0.383 0.383 0.383 0.383 0.383 0.383 0.383 0.383 0.383 0.383 0.383 0.383 0.383 0.383 0.383 0.383 0.383 0.383 0.383
0.392 0.392 0.392 0.392 0.392 0.392 0.392 0.392 0.392 0.392 0.392 0.392 0.392 0.392 0.392 0.392 0.392 0.392 0.392 0.392 0.392 0.392 0.392 0.392 0.392 0.392 0.392 0.392 0.392 0.392 0.392 0.392 0.392 0.392 0.392 0.392 0.392 0.392 0.392 0.392
0.400 0.400 0.400 0.400 0.400 0.400 0.400 0.400 0.400 0.400 0.400 0.400 0.400 0.400 0.400 0.400 0.400 0.400 0.400 0.400 0.400 0.400 0.400 0.400 0.400 0.400 0.400 0.400 0.400 0.400 0.400 0.400 0.400 0.400 0.400 0.400 0.400 0.400 0.400 0.400
0.408 0.408 0.408 0.408 0.408 0.408 0.408 0.408 0.408 0.408 0.408 0.408 0.408 0.408 0.408 0.408 0.408 0.408 0.408 0.408 0.408 0.408 0.408 0.408 0.408 0.408 0.408 0.408 0.408 0.408 0.408 0.408 0.408 0.408 0.408 0.408 0.408 0.408 0.408 0.408
0.417 0.417 0.417 0.417 0.417 0.417 0.417 0.417 0.417 0.417 0.417 0.417 0.417 0.417 0.417 0.417 0.417 0.417 0.417 0.417 0.417 0.417 0.417 0.417 0.417 0.417 0.417 0.417 0.417 0.417 0.417 0.417 0.417 0.417 0.417 0.417 0.417 0.417 0.417 0.417
0.425 0.425 0.425 0.425 0.425 0.425 0.425 0.425 0.425 0.425 0.425 0.425 0.425 0.425 0.425 0.425 0.425 0.425 0.425 0.425 0.425 0.425 0.425 0.425 0.425 0.425 0.425 0.425 0.425 0.425 0.425 0.425 0.425 0.425 0.425 0.425 0.425 0.425 0.425 0.425
0.433 0.433 0.433 0.433 0.433 0.433 0.433 0.433 0.433 0.433 0.433 0.433 0.433 0.433 0.433 0.433 0.433 0.433 0.433 0.433 0.433 0.433 0.433 0.433 0.433 0.433 0.433 0.433 0.433 0.433 0.433 0.433 0.433 0.433 0.433 0.433 0.433 0.433 0.433 0.433
0.442 0.442 0.442 0.442 0.442 0.442 0.442 0.442 0.442 0.442 0.442 0.442 0.442 0.442 0.442 0.442 0.442 0.442 0.442 0.442 0.442 0.442 0.442 0.442 0.442 0.442 0.442 0.442 0.442 0.442 0.442 0.442 0.442 0.442 0.442 0.442 0.442 0.442 0.442 0.442
0.450 0.450 0.450 0.450 0.450 0.450 0.450 0.450 0.450 0.450 0.450 0.450 0.450 0.450 0.450 0.450 0.450 0.450 0.450 0.450 0.450 0.450 0.450 0.450 0.450 0.450 0.450 0.450 0.450 0.450 0.450 0.450 0.450 0.450 0.450 0.450 0.450 0.450 0.450 0.450
0.458 0.458 0.458 0.458 0.458 0.458 0.458 0.458 0.458 0.458 0.458 0.458 0.458 0.458 0.458 0.458 0.458 0.458 0.458 0.458 0.458 0.458 0.458 0.458 0.458 0.458 0.458 0.458 0.458 0.458 0.458 0.458 0.458 0.458 0.458 0.458 0.458 0.458 0.458 0.458
0.467 0.467 0.467 0.467 0.467 0.467 0.467 0.467 0.467 0.467 0.467 0.467 0.467 0.467 0.467 0.467 0.467 0.467 0.467 0.467 0.467 0.467 0.467 0.467 0.467 0.467 0.467 0.467 0.467 0.467 0.467 0.467 0.467 0.467 0.467 0.467 0.467 0.467 0.467 0.467
0.475 0.475 0.475 0.475 0.475 0.475 0.475 0.475 0.475 0.475 0.475 0.475 0.475 0.475 0.475 0.475 0.475 0.475 0.475 0.475 0.475 0.475 0.475 0.475 0.475 0.475 0.475 0.475 0.475 0.475 0.475 0.475 0.475 0.475 0.475 0.475 0.475 0.475 0.475 0.475
0.483 0.483 0.483 0.483 0.483 0.483 0.483 0.483 0.483 0.483 0.483 0.483 0.483 0.483 0.483 0.483 0.483 0.483 0.483 0.483 0.483 0.483 0.483 0.483 0.483 0.483 0.483 0.483 0.483 0.483 0.483 0.483 0.483 0.483 0.483 0.483 0.483 0.483 0.483 0.483
0.492 0.492 0.492 0.492 0.492 0.492 0.492 0.492 0.492 0.492 0.492 0.492 0.492 0.492 0.492 0.492 0.492 0.492 0.492 0.492 0.492 0.492 0.492 0.492 0.492 0.492 0.492 0.492 0.492 0.492 0.492 0.492 0.492 0.492 0.492 0.492 0.492 0.492 0.492 0.492
0.500 0.500 0.500 0.500 0.500 0.500 0.500 0.500 0.500 0.500 0.500 0.500 0.500 0.500 0.500 0.500 0.500 0.500 0.500 0.500 0.500 0.500 0.500 0.500 0.500 0.500 0.500 0.500 0.500 0.500 0.500 0.500 0.500 0.500 0.500 0.500 0.500 0.500 0.500 0.500
0.508 0.508 0.508 0.508 0.508 0.508 0.508 0.508 0.508 0.508 0.508 0.508 0.508 0.508 0.508 0.508 0.508 0.508 0.508 0.508 0.508 0.508 0.508 0.508 0.508 0.508 0.508 0.508 0.508 0.508 0.508 0.508 0.508 0.508 0.508 0.508 0.508 0.508 0.508 0.508
0.517 0.517 0.517 0.517 0.517 0.517 0.517 0.517 0.517 0.517 0.517 0.517 0.517 0.517 0.517 0.517 0.517 0.517 0.517 0.517 0.517 0.517 0.517 0.517 0.517 0.517 0.517 0.517 0.517 0.517 0.517 0.517 0.517 0.517 0.517 0.517 0.517 0.517 0.517 0.517
0.525 0.525 0.525 0.525 0.525 0.525 0.525 0.525 0.525 0.525 0.525 0.525 0.525 0.525 0.525 0.525 0.525 0.525 0.525 0.525 0.525 0.525 0.525 0.525 0.525 0.525 0.525 0.525 0.525 0.525 0.525 0.525 0.525 0.525 0.525 0.525 0.525 0.525 0.525 0.525
0.533 0.533 0.533 0.533 0.533 0.533 0.533 0.533 0.533 0.533 0.533 0.533 0.533 0.533 0.533 0.533 0.533 0.533 0.533 0.533 0.533 0.533 0.533 0.533 0.533 0.533 0.533 0.533 0.533 0.533 0.533 0.533 0.533 0.533 0.533 0.533 0.533 0.533 0.533 0.533
0.542 0.542 0.542 0.542 0.542 0.542 0.542 0.542 0.542 0.542 0.542 0.542 0.542 0.542 0.542 0.542 0.542 0.542 0.542 0.542 0.542 0.542 0.542 0.542 0.542 0.542 0.542 0.542 0.542 0.542 0.542 0.542 0.542 0.542 0.542 0.542 0.542 0.542 0.542 0.542
